beta1: 1.0913454583881113
beta0: 38.005190611505896
